{
 "cells": [
  {
   "cell_type": "code",
   "execution_count": 41,
   "metadata": {},
   "outputs": [
    {
     "name": "stdout",
     "output_type": "stream",
     "text": [
      "nbAgg\n"
     ]
    }
   ],
   "source": [
    "import matplotlib\n",
    "matplotlib.use('nbagg')\n",
    "print(matplotlib.get_backend())\n",
    "\n",
    "import os\n",
    "import matplotlib.pyplot as plt\n",
    "from os import listdir\n",
    "import random\n",
    "import numpy as np\n",
    "import cv2 as cv"
   ]
  },
  {
   "cell_type": "code",
   "execution_count": 42,
   "metadata": {},
   "outputs": [],
   "source": [
    "#loading dataset \n",
    "dataset_location = 'C:/Users/sushl/Downloads/Visual-Odometry-master/Visual-Odometry-master/KITTI_sample/images'\n",
    "L = os.listdir(dataset_location)\n",
    "L.sort()"
   ]
  },
  {
   "cell_type": "code",
   "execution_count": 43,
   "metadata": {},
   "outputs": [],
   "source": [
    "#ground Truth\n",
    "ground_truth = np.loadtxt('C:/Users/sushl/Downloads/Visual-Odometry-master/Visual-Odometry-master/KITTI_sample/poses.txt',delimiter = ' ')\n",
    "ground_truth.shape\n",
    "gx = ground_truth[:400,3]\n",
    "gz = ground_truth[:400,11]"
   ]
  },
  {
   "cell_type": "code",
   "execution_count": 44,
   "metadata": {},
   "outputs": [],
   "source": [
    "#calibration matrix\n",
    "\n",
    "k =np.array([[7.188560000000e+02, 0.000000000000e+00, 6.071928000000e+02], \n",
    "             [0.000000000000e+00, 7.188560000000e+02, 1.852157000000e+02], \n",
    "             [0.000000000000e+00, 0.000000000000e+00, 1.000000000000e+00]])\n"
   ]
  },
  {
   "cell_type": "code",
   "execution_count": 53,
   "metadata": {},
   "outputs": [],
   "source": [
    "def keypoints(img):\n",
    "    \n",
    "    fast = cv.FastFeatureDetector_create()\n",
    "    fast.setNonmaxSuppression(1)\n",
    "    fast.setThreshold(60)\n",
    "    kp = fast.detect(img,None)\n",
    "    \"\"\"\n",
    "    sift = cv.SIFT_create()\n",
    "    kp, des1 = sift.detectAndCompute(img1,None)\n",
    "    print(len(kp))\n",
    "     \"\"\"\n",
    "    pt = np.float32([ kp[m].pt for m in range(len(kp))]).reshape(-1,1,2)\n",
    "   \n",
    "    return kp,pt  "
   ]
  },
  {
   "cell_type": "code",
   "execution_count": 54,
   "metadata": {},
   "outputs": [],
   "source": [
    "def optical_flow_matches(img,trig_frame,pt1,window_size):\n",
    "    # Parameters for lucas kanade optical flow\n",
    "    lk_params = dict( winSize  = (window_size,window_size),\n",
    "                      maxLevel = 2,\n",
    "                      criteria = (cv.TERM_CRITERIA_EPS | cv.TERM_CRITERIA_COUNT, 10, 0.03))\n",
    "    ptimg, st, err = cv.calcOpticalFlowPyrLK(trig_frame, img, pt1, None, **lk_params)\n",
    "    #ptimgst = ptimg[st.ravel()==1].reshape((-1,1,2))\n",
    "    pt1i, st, err = cv.calcOpticalFlowPyrLK(img, trig_frame, ptimg, None, **lk_params)\n",
    "    #pt1ist = pt1i[st.ravel()==1].reshape(-1,1,2)\n",
    "    return ptimg,pt1i#,ptimgst,pt1ist"
   ]
  },
  {
   "cell_type": "code",
   "execution_count": 55,
   "metadata": {},
   "outputs": [],
   "source": [
    "def point3D(k,R1,R2,t1,t2,pts1,pts2):\n",
    "    rt = np.zeros((3,4))\n",
    "    rt[:3,:3] = R1\n",
    "    rt[:,3] = t1.reshape((3))\n",
    "    projMatr1 = k@rt\n",
    "    rt2 = np.zeros((3,4))\n",
    "    rt2[:3,:3] = R2\n",
    "    rt2[:,3] = t2.reshape((3))\n",
    "    projMatr2 = k@rt2\n",
    "    points4D = cv.triangulatePoints(projMatr1,projMatr2,pts1 ,pts2)\n",
    "    points3D = points4D / points4D[3,:]\n",
    "    return points3D.T[:,:3]"
   ]
  },
  {
   "cell_type": "code",
   "execution_count": 56,
   "metadata": {},
   "outputs": [],
   "source": [
    "def reprojection_error(pointcloud,R3,t3,kp3):\n",
    "    p3d = np.ones((4,pointcloud.shape[0]))\n",
    "    p3d[:3,:] = pointcloud.T\n",
    "    projection_mat = np.zeros((3,4))\n",
    "    projection_mat[:3,:3] = R3\n",
    "    projection_mat[:,3] = t3.reshape((3))\n",
    "    proj_pt = k@projection_mat@p3d\n",
    "    proj_pt = proj_pt.T\n",
    "    proj_pt= proj_pt / proj_pt[:,2].reshape((-1,1))\n",
    "    proj_pt = proj_pt[:,:2]\n",
    "    err = proj_pt - kp3.reshape((-1,2))\n",
    "    norm_err = np.linalg.norm(err, axis=1)\n",
    "    return np.min(norm_err)"
   ]
  },
  {
   "cell_type": "code",
   "execution_count": 57,
   "metadata": {},
   "outputs": [],
   "source": [
    "def RelativeScale1(last_cloud, new_cloud):\n",
    "    min_idx = min([new_cloud.shape[0],last_cloud.shape[0]])\n",
    "    p_Xk = new_cloud[:min_idx]\n",
    "    Xk = np.roll(p_Xk,shift = -10)\n",
    "    p_Xk_1 = last_cloud[:min_idx]\n",
    "    Xk_1 = np.roll(p_Xk_1,shift = -10)\n",
    "    d_ratio = (np.linalg.norm(p_Xk_1 - Xk_1,axis = -1))/(np.linalg.norm(p_Xk - Xk,axis = -1))\n",
    "\n",
    "    return np.median(d_ratio)"
   ]
  },
  {
   "cell_type": "code",
   "execution_count": 58,
   "metadata": {},
   "outputs": [
    {
     "name": "stdout",
     "output_type": "stream",
     "text": [
      "(3, 1)\n",
      "[[ 0.99999487  0.00262718  0.00183435]\n",
      " [-0.00263066  0.99999474  0.00189776]\n",
      " [-0.00182936 -0.00190258  0.99999652]] [[ 0.03725526]\n",
      " [-0.00745179]\n",
      " [-0.97104402]]\n",
      "0\n",
      "0.012716222241831165\n",
      "841\n",
      "inliers\n",
      "841 560\n",
      "True\n",
      "[[ 0.00392349]\n",
      " [ 0.02116319]\n",
      " [-0.02862178]] [[ 9.99999999e-01 -4.08738467e-05 -3.12182076e-05]\n",
      " [ 4.08663221e-05  9.99999970e-01 -2.40994546e-04]\n",
      " [ 3.12280570e-05  2.40993269e-04  9.99999970e-01]]\n",
      "1\n",
      "0.012560524183384904\n",
      "841\n",
      "inliers\n",
      "841 560\n",
      "True\n",
      "[[ 0.03725526]\n",
      " [-0.00745179]\n",
      " [-0.97104402]] [[ 0.99999487  0.00262718  0.00183435]\n",
      " [-0.00263066  0.99999474  0.00189776]\n",
      " [-0.00182936 -0.00190258  0.99999652]]\n",
      "2\n",
      "0.12868703771806628\n",
      "841\n",
      "inliers\n",
      "810 560\n",
      "True\n",
      "[[ 0.15709587]\n",
      " [ 0.50981268]\n",
      " [-2.71304788]] [[ 0.99997053  0.00625382  0.00445302]\n",
      " [-0.00626678  0.99997616  0.00290056]\n",
      " [-0.00443477 -0.00292838  0.99998588]]\n",
      "3\n",
      "7.514528838653705\n",
      "841\n",
      "inliers\n",
      "582 560\n",
      "True\n",
      "[[ -0.44932495]\n",
      " [ -1.15811276]\n",
      " [-99.0648704 ]] [[-0.99991871 -0.01062491 -0.00704855]\n",
      " [ 0.01065311 -0.99993535 -0.00397563]\n",
      " [-0.00700585 -0.0040504   0.99996726]]\n",
      "4\n",
      "6.828319998449938\n",
      "841\n",
      "inliers\n",
      "436 560\n",
      "True\n",
      "1287 1287\n",
      "me\n",
      "4\n",
      "0.5404018828073488\n",
      "885\n",
      "inliers\n",
      "885 590\n",
      "True\n",
      "[[  6.37772552]\n",
      " [  6.95390808]\n",
      " [-54.05997223]] [[ 0.99996502  0.00711448  0.00439916]\n",
      " [-0.00712118  0.99997351  0.00150838]\n",
      " [-0.00438831 -0.00153966  0.99998919]]\n",
      "5\n",
      "15.22965238409744\n",
      "885\n",
      "inliers\n",
      "520 590\n",
      "True\n",
      "1217 1217\n",
      "me\n",
      "5\n",
      "0.2587095972026751\n",
      "826\n",
      "inliers\n",
      "742 550\n",
      "True\n",
      "[[ 0.80732887]\n",
      " [ 1.54703156]\n",
      " [-1.79142848]] [[ 0.99994877  0.00707385 -0.0072395 ]\n",
      " [-0.0072056   0.99980587 -0.01833872]\n",
      " [ 0.00710837  0.01838995  0.99980562]]\n",
      "6\n",
      "0.18529041816534125\n",
      "826\n",
      "inliers\n",
      "503 550\n",
      "True\n",
      "1187 1187\n",
      "me\n",
      "6\n",
      "0.0002177079771828245\n",
      "781\n",
      "inliers\n",
      "778 520\n",
      "True\n",
      "[[  17.25338287]\n",
      " [   9.028057  ]\n",
      " [-119.07179078]] [[ 9.99994792e-01  2.85488294e-03  1.50504303e-03]\n",
      " [-2.85598162e-03  9.99995656e-01  7.28353851e-04]\n",
      " [-1.50295712e-03 -7.32648433e-04  9.99998602e-01]]\n",
      "7\n",
      "0.004899451463614473\n",
      "781\n",
      "inliers\n",
      "476 520\n",
      "True\n",
      "1205 1205\n",
      "me\n",
      "7\n",
      "0.010962318372675934\n",
      "803\n",
      "inliers\n",
      "798 535\n",
      "True\n",
      "[[ 1.33567173]\n",
      " [ 0.53912778]\n",
      " [-1.75424901]] [[ 0.99991802  0.00356154 -0.01229921]\n",
      " [-0.00363733  0.9999745  -0.00614539]\n",
      " [ 0.01227701  0.00618963  0.99990548]]\n",
      "8\n",
      "0.025591753632098334\n",
      "803\n",
      "inliers\n",
      "541 535\n",
      "True\n",
      "[[ 1.55783936]\n",
      " [ 0.36792516]\n",
      " [-4.6831717 ]] [[ 0.99994902  0.00170523 -0.00995265]\n",
      " [-0.00175758  0.99998466 -0.00525307]\n",
      " [ 0.00994354  0.00527029  0.99993667]]\n",
      "9\n",
      "0.10693603161184456\n",
      "803\n",
      "inliers\n",
      "464 535\n",
      "True\n",
      "1095 1095\n",
      "me\n",
      "9\n",
      "0.035075700654084704\n",
      "604\n",
      "inliers\n",
      "589 402\n",
      "True\n",
      "[[ 1.452074  ]\n",
      " [ 0.44903046]\n",
      " [-2.11613642]] [[ 0.99991053 -0.00165243 -0.01327431]\n",
      " [ 0.00160162  0.99999136 -0.00383728]\n",
      " [ 0.01328053  0.00381568  0.99990453]]\n",
      "10\n",
      "0.09571121517346153\n",
      "604\n",
      "inliers\n",
      "532 402\n",
      "True\n",
      "[[ 3.31049411]\n",
      " [ 1.22950915]\n",
      " [-6.34916175]] [[ 0.99967585 -0.00889643 -0.02385471]\n",
      " [ 0.00863397  0.9999013  -0.01108313]\n",
      " [ 0.02395095  0.01087358  0.999654  ]]\n",
      "11\n",
      "0.08339417590990628\n",
      "604\n",
      "inliers\n",
      "449 402\n",
      "True\n",
      "[[ 5.03586981]\n",
      " [ 1.00325631]\n",
      " [-7.68429776]] [[ 0.99920142  0.00224725 -0.03989317]\n",
      " [-0.00269767  0.99993319 -0.01124034]\n",
      " [ 0.03986525  0.01133898  0.99914073]]\n",
      "12\n",
      "0.13108801478803472\n",
      "604\n",
      "inliers\n",
      "388 402\n",
      "True\n",
      "845 845\n",
      "me\n",
      "12\n",
      "0.4442982701446227\n",
      "578\n",
      "inliers\n",
      "571 385\n",
      "True\n",
      "[[  -2.81964674]\n",
      " [  -0.82589369]\n",
      " [-191.57834314]] [[-0.99980402  0.00328849  0.01952179]\n",
      " [-0.00315183 -0.99997034  0.00702735]\n",
      " [ 0.01954432  0.00696444  0.99978473]]\n",
      "13\n",
      "1.4201879302214004\n",
      "578\n",
      "inliers\n",
      "435 385\n",
      "True\n",
      "[[  -4.6632221 ]\n",
      " [  -1.17296466]\n",
      " [-155.08692925]] [[-0.99947597  0.00432889  0.03207883]\n",
      " [-0.0040651  -0.99995743  0.0082837 ]\n",
      " [ 0.03211332  0.00814896  0.99945101]]\n",
      "14\n",
      "0.21998558407184723\n",
      "578\n",
      "inliers\n",
      "349 385\n",
      "True\n",
      "687 687\n",
      "me\n",
      "14\n",
      "0.2726087552452809\n",
      "578\n",
      "inliers\n",
      "555 385\n",
      "True\n",
      "[[-0.66937915]\n",
      " [-2.05944737]\n",
      " [-4.38684564]] [[ 0.99991351 -0.00575016  0.0118283 ]\n",
      " [ 0.00547405  0.99971482  0.02324451]\n",
      " [-0.01195859 -0.02317775  0.99965983]]\n",
      "15\n",
      "0.08313853947333279\n",
      "578\n",
      "inliers\n",
      "436 385\n",
      "True\n",
      "[[-0.10056446]\n",
      " [-4.67152852]\n",
      " [-7.25181666]] [[ 0.99993821  0.00135502  0.01103322]\n",
      " [-0.00188683  0.99882945  0.04833402]\n",
      " [-0.01095481 -0.04835186  0.99877029]]\n",
      "16\n",
      "0.14672245850353918\n",
      "578\n",
      "inliers\n",
      "351 385\n",
      "True\n",
      "715 715\n",
      "me\n",
      "16\n",
      "0.10836308782166416\n",
      "643\n",
      "inliers\n",
      "642 428\n",
      "True\n",
      "[[-1.64672435]\n",
      " [-1.11768867]\n",
      " [-4.60486042]] [[ 0.99977407 -0.00442725  0.02078958]\n",
      " [ 0.00414133  0.99989653  0.01377616]\n",
      " [-0.02084842 -0.01368695  0.99968896]]\n",
      "17\n",
      "0.16301303530369943\n",
      "643\n",
      "inliers\n",
      "429 428\n",
      "True\n",
      "[[ -3.80765695]\n",
      " [ -2.44522547]\n",
      " [-11.18465738]] [[ 0.99861527 -0.00670454  0.05217844]\n",
      " [ 0.0050997   0.99951165  0.03082941]\n",
      " [-0.05235965 -0.03052063  0.99816179]]\n",
      "18\n",
      "0.4177029548549107\n",
      "643\n",
      "inliers\n",
      "398 428\n",
      "True\n",
      "827 827\n",
      "me\n",
      "18\n",
      "0.040995049367427275\n",
      "690\n",
      "inliers\n",
      "687 460\n",
      "True\n",
      "[[-2.1292865 ]\n",
      " [-0.40738662]\n",
      " [-4.60732796]] [[ 0.99968449 -0.00373357  0.0248391 ]\n",
      " [ 0.00356588  0.99997058  0.00679184]\n",
      " [-0.02486373 -0.00670113  0.99966839]]\n",
      "19\n",
      "0.09524605540553724\n",
      "690\n",
      "inliers\n",
      "546 460\n",
      "True\n",
      "[[ -4.94826451]\n",
      " [  0.12916635]\n",
      " [-10.37780686]] [[ 0.99830158 -0.00748886  0.05777432]\n",
      " [ 0.00730322  0.99996747  0.0034236 ]\n",
      " [-0.05779808 -0.00299585  0.9983238 ]]\n",
      "20\n",
      "0.06675601699986679\n",
      "690\n",
      "inliers\n",
      "415 460\n",
      "True\n",
      "952 952\n",
      "me\n",
      "20\n",
      "0.005315629444991562\n",
      "734\n",
      "inliers\n",
      "734 489\n",
      "True\n",
      "[[-2.17377682]\n",
      " [-0.4415162 ]\n",
      " [-4.36412346]] [[ 0.99969151 -0.00322881  0.02462628]\n",
      " [ 0.00306203  0.99997214  0.00680715]\n",
      " [-0.02464757 -0.00672965  0.99967355]]\n",
      "21\n",
      "0.17300741744912002\n",
      "734\n",
      "inliers\n",
      "597 489\n",
      "True\n",
      "[[-4.66142466]\n",
      " [ 0.52604301]\n",
      " [-9.72139254]] [[ 9.98569149e-01 -8.98129933e-03  5.27161414e-02]\n",
      " [ 8.99243252e-03  9.99959567e-01  2.59977295e-05]\n",
      " [-5.27142434e-02  4.48085813e-04  9.98609537e-01]]\n",
      "22\n",
      "0.07152962011228066\n",
      "734\n",
      "inliers\n",
      "467 489\n",
      "True\n",
      "1027 1027\n",
      "me\n",
      "22\n",
      "0.06048798776238859\n",
      "775\n",
      "inliers\n",
      "775 516\n",
      "True\n",
      "[[-2.24053295]\n",
      " [-0.27060164]\n",
      " [-4.2791181 ]] [[ 0.99968572 -0.00232118  0.02496136]\n",
      " [ 0.00220222  0.99998609  0.00479186]\n",
      " [-0.02497214 -0.00473538  0.99967693]]\n",
      "23\n",
      "0.0725602746142603\n",
      "775\n",
      "inliers\n",
      "633 516\n",
      "True\n",
      "[[-3.79174298]\n",
      " [-0.14485331]\n",
      " [-8.6353067 ]] [[ 0.99903152 -0.0052774   0.04368267]\n",
      " [ 0.00502917  0.99997059  0.00579036]\n",
      " [-0.04371195 -0.00556506  0.99902868]]\n",
      "24\n",
      "0.09562517533931433\n",
      "775\n",
      "inliers\n",
      "504 516\n",
      "True\n",
      "1055 1055\n",
      "me\n",
      "24\n",
      "0.01728738983879717\n",
      "761\n",
      "inliers\n",
      "760 507\n",
      "True\n",
      "[[-2.18021514]\n",
      " [-0.08480845]\n",
      " [-4.06077873]] [[ 0.99971154 -0.00170141  0.02395709]\n",
      " [ 0.00163693  0.99999499  0.0027108 ]\n",
      " [-0.02396158 -0.00267081  0.99970931]]\n",
      "25\n",
      "0.06876685141635708\n",
      "761\n",
      "inliers\n",
      "626 507\n",
      "True\n",
      "[[-3.63444581]\n",
      " [-0.22954511]\n",
      " [-8.63052819]] [[ 0.99916242 -0.0049433   0.04062055]\n",
      " [ 0.00476574  0.99997867  0.00446685]\n",
      " [-0.04064177 -0.00426952  0.99916466]]\n",
      "26\n",
      "0.11445239498961064\n",
      "761\n",
      "inliers\n",
      "459 507\n",
      "True\n",
      "1057 1057\n",
      "me\n",
      "26\n",
      "0.008687525782295378\n",
      "797\n",
      "inliers\n",
      "795 531\n",
      "True\n",
      "[[-2.16384346]\n",
      " [-0.10433126]\n",
      " [-3.99388501]] [[ 0.99971899 -0.00163238  0.02364903]\n",
      " [ 0.00156703  0.9999949   0.00278149]\n",
      " [-0.02365345 -0.00274365  0.99971645]]\n",
      "27\n",
      "0.07833418784068774\n",
      "797\n",
      "inliers\n",
      "597 531\n",
      "True\n",
      "[[-4.12548733]\n",
      " [ 0.44763852]\n",
      " [-8.7865722 ]] [[ 0.99899771 -0.00488758  0.04449362]\n",
      " [ 0.00509127  0.99997707 -0.00446584]\n",
      " [-0.04447077  0.00468789  0.99899969]]\n",
      "28\n",
      "0.12367868500993894\n",
      "797\n",
      "inliers\n",
      "489 531\n",
      "True\n",
      "1058 1058\n",
      "me\n",
      "28\n",
      "0.0038285148696552036\n",
      "755\n",
      "inliers\n",
      "753 503\n",
      "True\n",
      "[[-2.14084054]\n",
      " [-0.23306387]\n",
      " [-3.94952526]] [[ 0.99972612 -0.00250596  0.02326801]\n",
      " [ 0.00241046  0.99998856  0.00413157]\n",
      " [-0.02327809 -0.00407435  0.99972073]]\n",
      "29\n",
      "0.07568782892183938\n",
      "755\n",
      "inliers\n",
      "570 503\n",
      "True\n",
      "[[-4.33379752]\n",
      " [-0.07256463]\n",
      " [-8.69886358]] [[ 0.9989732  -0.00545575  0.04497541]\n",
      " [ 0.00528591  0.99997845  0.0038943 ]\n",
      " [-0.04499569 -0.00365257  0.9989805 ]]\n",
      "30\n",
      "0.08617493508589492\n",
      "755\n",
      "inliers\n",
      "485 503\n",
      "True\n",
      "988 988\n",
      "me\n",
      "30\n",
      "0.011641843663283132\n",
      "809\n",
      "inliers\n",
      "809 539\n",
      "True\n",
      "[[-2.14085496]\n",
      " [-0.15663207]\n",
      " [-3.88405231]] [[ 0.99973042 -0.00220598  0.02311306]\n",
      " [ 0.00213151  0.99999246  0.00324592]\n",
      " [-0.02312004 -0.00319577  0.99972759]]\n",
      "31\n",
      "0.04836239054741318\n",
      "809\n",
      "inliers\n",
      "612 539\n",
      "True\n",
      "[[-4.23926327]\n",
      " [-0.17811728]\n",
      " [-8.44057365]] [[ 0.99899896 -0.00715893  0.04415678]\n",
      " [ 0.00672784  0.99992832  0.0099038 ]\n",
      " [-0.04422451 -0.0095968   0.99897552]]\n",
      "32\n",
      "0.030939916512845007\n",
      "809\n",
      "inliers\n",
      "484 539\n",
      "True\n",
      "1002 1002\n",
      "me\n",
      "32\n",
      "0.027184035695840075\n",
      "782\n",
      "inliers\n",
      "782 521\n",
      "True\n",
      "[[-2.15720042]\n",
      " [-0.05238491]\n",
      " [-3.79479162]] [[ 0.99973365 -0.0023297   0.02296086]\n",
      " [ 0.00227975  0.99999498  0.00220142]\n",
      " [-0.02296588 -0.00214849  0.99973394]]\n",
      "33\n",
      "0.05491641137961777\n",
      "782\n",
      "inliers\n",
      "655 521\n",
      "True\n",
      "[[-4.22514045]\n",
      " [ 0.03570225]\n",
      " [-8.38011341]] [[ 0.99902381 -0.00215598  0.04412226]\n",
      " [ 0.00206798  0.99999578  0.00203979]\n",
      " [-0.04412647 -0.00194655  0.99902406]]\n",
      "34\n",
      "0.057134021839794095\n",
      "782\n",
      "inliers\n",
      "588 521\n",
      "True\n",
      "[[ -4.25951651]\n",
      " [ -0.21602932]\n",
      " [-10.84030585]] [[ 9.98982213e-01 -1.37762542e-03  4.50848049e-02]\n",
      " [ 1.36356260e-03  9.99999012e-01  3.42671357e-04]\n",
      " [-4.50852324e-02 -2.80846637e-04  9.98983104e-01]]\n",
      "35\n",
      "0.18322911261199065\n",
      "782\n",
      "inliers\n",
      "496 521\n",
      "True\n",
      "1067 1067\n",
      "me\n",
      "35\n",
      "0.03654872255241487\n",
      "835\n",
      "inliers\n",
      "815 556\n",
      "True\n",
      "[[-3.24556813]\n",
      " [-0.1610376 ]\n",
      " [-6.73922844]] [[ 0.99943884 -0.00346496  0.03331662]\n",
      " [ 0.00332156  0.99998499  0.00435851]\n",
      " [-0.03333122 -0.0042454   0.99943534]]\n",
      "36\n",
      "0.0408408043996189\n",
      "835\n",
      "inliers\n",
      "702 556\n",
      "True\n",
      "[[-4.08377134]\n",
      " [-1.40343957]\n",
      " [-9.73248106]] [[ 0.99919275 -0.00572305  0.03976302]\n",
      " [ 0.0050576   0.99984581  0.01681584]\n",
      " [-0.03985312 -0.01660116  0.99906763]]\n",
      "37\n",
      "0.1442435964687474\n",
      "835\n",
      "inliers\n",
      "598 556\n",
      "True\n",
      "[[ -4.58546907]\n",
      " [ -2.83460847]\n",
      " [-12.5889597 ]] [[ 0.99887729 -0.01549475  0.04476686]\n",
      " [ 0.01394251  0.99929771  0.0347805 ]\n",
      " [-0.04527434 -0.03411729  0.99839183]]\n",
      "38\n",
      "0.10435642707569213\n",
      "835\n",
      "inliers\n",
      "504 556\n",
      "True\n"
     ]
    },
    {
     "name": "stdout",
     "output_type": "stream",
     "text": [
      "1001 1001\n",
      "me\n",
      "38\n",
      "0.13203232422275932\n",
      "872\n",
      "inliers\n",
      "869 581\n",
      "True\n",
      "[[-4.20162942]\n",
      " [-0.40232815]\n",
      " [-8.92357026]] [[ 0.99924059 -0.00519848  0.03861642]\n",
      " [ 0.00486769  0.9999507   0.00865508]\n",
      " [-0.03865951 -0.00846054  0.99921662]]\n",
      "39\n",
      "0.18338174227346907\n",
      "872\n",
      "inliers\n",
      "721 581\n",
      "True\n",
      "[[ -4.82888169]\n",
      " [ -0.57032034]\n",
      " [-13.22337193]] [[ 0.99886538 -0.00822448  0.04690754]\n",
      " [ 0.0077128   0.99990888  0.01107869]\n",
      " [-0.04699439 -0.01070433  0.9988378 ]]\n"
     ]
    }
   ],
   "source": [
    "\n",
    "#for first two images\n",
    "img1 = cv.imread(dataset_location +'/'+ L[0],cv.IMREAD_GRAYSCALE)\n",
    "img2 = cv.imread(dataset_location +'/'+ L[1],cv.IMREAD_GRAYSCALE)\n",
    "pts,kp1= keypoints(img1)\n",
    "kp2,kp1 = optical_flow_matches(img2,img1,kp1,10)\n",
    "E, mask = cv.findEssentialMat(kp1,kp2,k,cv.RANSAC, prob = 0.999,threshold = 0.4,mask=None)\n",
    "\n",
    "#inlier points\n",
    "pts1 = kp1[mask.ravel()==1]\n",
    "pts2 = kp2[mask.ravel()==1]\n",
    "\n",
    "#recovering pose info\n",
    "retval, R, t, mask = cv.recoverPose(E, pts1, pts2, k)\n",
    "R1 = np.identity(3)\n",
    "t1 = np.zeros((3,1))\n",
    "print(t1.shape)\n",
    "pointcloud = point3D(k,R1,R,t1,t,pts1,pts2)\n",
    "retval, rvec, t, inliers = cv.solvePnPRansac(pointcloud,pts2, k, (0,0,0,0),useExtrinsicGuess = True ,iterationsCount = 100,reprojectionError = 8.0,confidence = 0.90,flags = 1)\n",
    "R,Jec = cv.Rodrigues(rvec)\n",
    "print(R,t)\n",
    "#set of translations and rotations\n",
    "translations = []\n",
    "rotations = []\n",
    "a = 0\n",
    "\n",
    "#for remaining images\n",
    "while(a < 40):#\n",
    "    print(a)\n",
    "    img3 = cv.imread(dataset_location +'/'+ L[a],cv.IMREAD_GRAYSCALE)\n",
    "    kp3,kp2i = optical_flow_matches(img3,img2,pts2,10)\n",
    "    retval, rvec, t3, inliers = cv.solvePnPRansac(pointcloud,kp3, k, (0,0,0,0),useExtrinsicGuess = True ,iterationsCount = 200,reprojectionError = 8.0,confidence = 0.90,flags = 1)\n",
    "    R3,Jec = cv.Rodrigues(rvec)\n",
    "    match = len(inliers)\n",
    "    error = reprojection_error(pointcloud,R3,t3,kp3)\n",
    "    print(error)\n",
    "    print(len(kp3))\n",
    "    print(\"inliers\")\n",
    "    print(match,int((2*len(kp3))/3))\n",
    "    print(retval)\n",
    "    if a==0 or ((match >= int((2*len(kp3))/3) and retval == True)and (error < 10)):\n",
    "        translations.append(t3)\n",
    "        rotations.append(R3)\n",
    "        print(t3,R3)\n",
    "        count = 0\n",
    "    else:\n",
    "        img1 = cv.imread(dataset_location +'/'+ L[a],cv.IMREAD_GRAYSCALE)\n",
    "        img2 = cv.imread(dataset_location +'/'+ L[a-1],cv.IMREAD_GRAYSCALE)\n",
    "        pts,kp1= keypoints(img1)\n",
    "        kp2,kp1 = optical_flow_matches(img2,img1,kp1,10)\n",
    "        print(len(kp2),len(kp1))\n",
    "        E, mask = cv.findEssentialMat(kp1,kp2,k,cv.RANSAC, prob = 0.999,threshold = 0.4,mask=None)\n",
    "\n",
    "        #inlier points\n",
    "        pts1 = kp1[mask.ravel()==1]\n",
    "        pts2 = kp2[mask.ravel()==1]\n",
    "        \n",
    "        t1 = translations[a-2]\n",
    "        R1 = rotations[a-2]\n",
    "        retval, R, t, mask = cv.recoverPose(E, pts1, pts2, k)\n",
    "        pointcloud = point3D(k,R1,R,t1,t,pts1,pts2)\n",
    "        #error_set.append(2)\n",
    "        a = a-1\n",
    "        print('me')\n",
    "        count = count + 1\n",
    "        if count >10:\n",
    "            break\n",
    "        \n",
    "    a = a+1\n",
    "    "
   ]
  },
  {
   "cell_type": "code",
   "execution_count": 59,
   "metadata": {},
   "outputs": [
    {
     "data": {
      "application/javascript": [
       "/* Put everything inside the global mpl namespace */\n",
       "/* global mpl */\n",
       "window.mpl = {};\n",
       "\n",
       "mpl.get_websocket_type = function () {\n",
       "    if (typeof WebSocket !== 'undefined') {\n",
       "        return WebSocket;\n",
       "    } else if (typeof MozWebSocket !== 'undefined') {\n",
       "        return MozWebSocket;\n",
       "    } else {\n",
       "        alert(\n",
       "            'Your browser does not have WebSocket support. ' +\n",
       "                'Please try Chrome, Safari or Firefox ≥ 6. ' +\n",
       "                'Firefox 4 and 5 are also supported but you ' +\n",
       "                'have to enable WebSockets in about:config.'\n",
       "        );\n",
       "    }\n",
       "};\n",
       "\n",
       "mpl.figure = function (figure_id, websocket, ondownload, parent_element) {\n",
       "    this.id = figure_id;\n",
       "\n",
       "    this.ws = websocket;\n",
       "\n",
       "    this.supports_binary = this.ws.binaryType !== undefined;\n",
       "\n",
       "    if (!this.supports_binary) {\n",
       "        var warnings = document.getElementById('mpl-warnings');\n",
       "        if (warnings) {\n",
       "            warnings.style.display = 'block';\n",
       "            warnings.textContent =\n",
       "                'This browser does not support binary websocket messages. ' +\n",
       "                'Performance may be slow.';\n",
       "        }\n",
       "    }\n",
       "\n",
       "    this.imageObj = new Image();\n",
       "\n",
       "    this.context = undefined;\n",
       "    this.message = undefined;\n",
       "    this.canvas = undefined;\n",
       "    this.rubberband_canvas = undefined;\n",
       "    this.rubberband_context = undefined;\n",
       "    this.format_dropdown = undefined;\n",
       "\n",
       "    this.image_mode = 'full';\n",
       "\n",
       "    this.root = document.createElement('div');\n",
       "    this.root.setAttribute('style', 'display: inline-block');\n",
       "    this._root_extra_style(this.root);\n",
       "\n",
       "    parent_element.appendChild(this.root);\n",
       "\n",
       "    this._init_header(this);\n",
       "    this._init_canvas(this);\n",
       "    this._init_toolbar(this);\n",
       "\n",
       "    var fig = this;\n",
       "\n",
       "    this.waiting = false;\n",
       "\n",
       "    this.ws.onopen = function () {\n",
       "        fig.send_message('supports_binary', { value: fig.supports_binary });\n",
       "        fig.send_message('send_image_mode', {});\n",
       "        if (fig.ratio !== 1) {\n",
       "            fig.send_message('set_dpi_ratio', { dpi_ratio: fig.ratio });\n",
       "        }\n",
       "        fig.send_message('refresh', {});\n",
       "    };\n",
       "\n",
       "    this.imageObj.onload = function () {\n",
       "        if (fig.image_mode === 'full') {\n",
       "            // Full images could contain transparency (where diff images\n",
       "            // almost always do), so we need to clear the canvas so that\n",
       "            // there is no ghosting.\n",
       "            fig.context.clearRect(0, 0, fig.canvas.width, fig.canvas.height);\n",
       "        }\n",
       "        fig.context.drawImage(fig.imageObj, 0, 0);\n",
       "    };\n",
       "\n",
       "    this.imageObj.onunload = function () {\n",
       "        fig.ws.close();\n",
       "    };\n",
       "\n",
       "    this.ws.onmessage = this._make_on_message_function(this);\n",
       "\n",
       "    this.ondownload = ondownload;\n",
       "};\n",
       "\n",
       "mpl.figure.prototype._init_header = function () {\n",
       "    var titlebar = document.createElement('div');\n",
       "    titlebar.classList =\n",
       "        'ui-dialog-titlebar ui-widget-header ui-corner-all ui-helper-clearfix';\n",
       "    var titletext = document.createElement('div');\n",
       "    titletext.classList = 'ui-dialog-title';\n",
       "    titletext.setAttribute(\n",
       "        'style',\n",
       "        'width: 100%; text-align: center; padding: 3px;'\n",
       "    );\n",
       "    titlebar.appendChild(titletext);\n",
       "    this.root.appendChild(titlebar);\n",
       "    this.header = titletext;\n",
       "};\n",
       "\n",
       "mpl.figure.prototype._canvas_extra_style = function (_canvas_div) {};\n",
       "\n",
       "mpl.figure.prototype._root_extra_style = function (_canvas_div) {};\n",
       "\n",
       "mpl.figure.prototype._init_canvas = function () {\n",
       "    var fig = this;\n",
       "\n",
       "    var canvas_div = (this.canvas_div = document.createElement('div'));\n",
       "    canvas_div.setAttribute(\n",
       "        'style',\n",
       "        'border: 1px solid #ddd;' +\n",
       "            'box-sizing: content-box;' +\n",
       "            'clear: both;' +\n",
       "            'min-height: 1px;' +\n",
       "            'min-width: 1px;' +\n",
       "            'outline: 0;' +\n",
       "            'overflow: hidden;' +\n",
       "            'position: relative;' +\n",
       "            'resize: both;'\n",
       "    );\n",
       "\n",
       "    function on_keyboard_event_closure(name) {\n",
       "        return function (event) {\n",
       "            return fig.key_event(event, name);\n",
       "        };\n",
       "    }\n",
       "\n",
       "    canvas_div.addEventListener(\n",
       "        'keydown',\n",
       "        on_keyboard_event_closure('key_press')\n",
       "    );\n",
       "    canvas_div.addEventListener(\n",
       "        'keyup',\n",
       "        on_keyboard_event_closure('key_release')\n",
       "    );\n",
       "\n",
       "    this._canvas_extra_style(canvas_div);\n",
       "    this.root.appendChild(canvas_div);\n",
       "\n",
       "    var canvas = (this.canvas = document.createElement('canvas'));\n",
       "    canvas.classList.add('mpl-canvas');\n",
       "    canvas.setAttribute('style', 'box-sizing: content-box;');\n",
       "\n",
       "    this.context = canvas.getContext('2d');\n",
       "\n",
       "    var backingStore =\n",
       "        this.context.backingStorePixelRatio ||\n",
       "        this.context.webkitBackingStorePixelRatio ||\n",
       "        this.context.mozBackingStorePixelRatio ||\n",
       "        this.context.msBackingStorePixelRatio ||\n",
       "        this.context.oBackingStorePixelRatio ||\n",
       "        this.context.backingStorePixelRatio ||\n",
       "        1;\n",
       "\n",
       "    this.ratio = (window.devicePixelRatio || 1) / backingStore;\n",
       "    if (this.ratio !== 1) {\n",
       "        fig.send_message('set_dpi_ratio', { dpi_ratio: this.ratio });\n",
       "    }\n",
       "\n",
       "    var rubberband_canvas = (this.rubberband_canvas = document.createElement(\n",
       "        'canvas'\n",
       "    ));\n",
       "    rubberband_canvas.setAttribute(\n",
       "        'style',\n",
       "        'box-sizing: content-box; position: absolute; left: 0; top: 0; z-index: 1;'\n",
       "    );\n",
       "\n",
       "    var resizeObserver = new ResizeObserver(function (entries) {\n",
       "        var nentries = entries.length;\n",
       "        for (var i = 0; i < nentries; i++) {\n",
       "            var entry = entries[i];\n",
       "            var width, height;\n",
       "            if (entry.contentBoxSize) {\n",
       "                if (entry.contentBoxSize instanceof Array) {\n",
       "                    // Chrome 84 implements new version of spec.\n",
       "                    width = entry.contentBoxSize[0].inlineSize;\n",
       "                    height = entry.contentBoxSize[0].blockSize;\n",
       "                } else {\n",
       "                    // Firefox implements old version of spec.\n",
       "                    width = entry.contentBoxSize.inlineSize;\n",
       "                    height = entry.contentBoxSize.blockSize;\n",
       "                }\n",
       "            } else {\n",
       "                // Chrome <84 implements even older version of spec.\n",
       "                width = entry.contentRect.width;\n",
       "                height = entry.contentRect.height;\n",
       "            }\n",
       "\n",
       "            // Keep the size of the canvas and rubber band canvas in sync with\n",
       "            // the canvas container.\n",
       "            if (entry.devicePixelContentBoxSize) {\n",
       "                // Chrome 84 implements new version of spec.\n",
       "                canvas.setAttribute(\n",
       "                    'width',\n",
       "                    entry.devicePixelContentBoxSize[0].inlineSize\n",
       "                );\n",
       "                canvas.setAttribute(\n",
       "                    'height',\n",
       "                    entry.devicePixelContentBoxSize[0].blockSize\n",
       "                );\n",
       "            } else {\n",
       "                canvas.setAttribute('width', width * fig.ratio);\n",
       "                canvas.setAttribute('height', height * fig.ratio);\n",
       "            }\n",
       "            canvas.setAttribute(\n",
       "                'style',\n",
       "                'width: ' + width + 'px; height: ' + height + 'px;'\n",
       "            );\n",
       "\n",
       "            rubberband_canvas.setAttribute('width', width);\n",
       "            rubberband_canvas.setAttribute('height', height);\n",
       "\n",
       "            // And update the size in Python. We ignore the initial 0/0 size\n",
       "            // that occurs as the element is placed into the DOM, which should\n",
       "            // otherwise not happen due to the minimum size styling.\n",
       "            if (width != 0 && height != 0) {\n",
       "                fig.request_resize(width, height);\n",
       "            }\n",
       "        }\n",
       "    });\n",
       "    resizeObserver.observe(canvas_div);\n",
       "\n",
       "    function on_mouse_event_closure(name) {\n",
       "        return function (event) {\n",
       "            return fig.mouse_event(event, name);\n",
       "        };\n",
       "    }\n",
       "\n",
       "    rubberband_canvas.addEventListener(\n",
       "        'mousedown',\n",
       "        on_mouse_event_closure('button_press')\n",
       "    );\n",
       "    rubberband_canvas.addEventListener(\n",
       "        'mouseup',\n",
       "        on_mouse_event_closure('button_release')\n",
       "    );\n",
       "    // Throttle sequential mouse events to 1 every 20ms.\n",
       "    rubberband_canvas.addEventListener(\n",
       "        'mousemove',\n",
       "        on_mouse_event_closure('motion_notify')\n",
       "    );\n",
       "\n",
       "    rubberband_canvas.addEventListener(\n",
       "        'mouseenter',\n",
       "        on_mouse_event_closure('figure_enter')\n",
       "    );\n",
       "    rubberband_canvas.addEventListener(\n",
       "        'mouseleave',\n",
       "        on_mouse_event_closure('figure_leave')\n",
       "    );\n",
       "\n",
       "    canvas_div.addEventListener('wheel', function (event) {\n",
       "        if (event.deltaY < 0) {\n",
       "            event.step = 1;\n",
       "        } else {\n",
       "            event.step = -1;\n",
       "        }\n",
       "        on_mouse_event_closure('scroll')(event);\n",
       "    });\n",
       "\n",
       "    canvas_div.appendChild(canvas);\n",
       "    canvas_div.appendChild(rubberband_canvas);\n",
       "\n",
       "    this.rubberband_context = rubberband_canvas.getContext('2d');\n",
       "    this.rubberband_context.strokeStyle = '#000000';\n",
       "\n",
       "    this._resize_canvas = function (width, height, forward) {\n",
       "        if (forward) {\n",
       "            canvas_div.style.width = width + 'px';\n",
       "            canvas_div.style.height = height + 'px';\n",
       "        }\n",
       "    };\n",
       "\n",
       "    // Disable right mouse context menu.\n",
       "    this.rubberband_canvas.addEventListener('contextmenu', function (_e) {\n",
       "        event.preventDefault();\n",
       "        return false;\n",
       "    });\n",
       "\n",
       "    function set_focus() {\n",
       "        canvas.focus();\n",
       "        canvas_div.focus();\n",
       "    }\n",
       "\n",
       "    window.setTimeout(set_focus, 100);\n",
       "};\n",
       "\n",
       "mpl.figure.prototype._init_toolbar = function () {\n",
       "    var fig = this;\n",
       "\n",
       "    var toolbar = document.createElement('div');\n",
       "    toolbar.classList = 'mpl-toolbar';\n",
       "    this.root.appendChild(toolbar);\n",
       "\n",
       "    function on_click_closure(name) {\n",
       "        return function (_event) {\n",
       "            return fig.toolbar_button_onclick(name);\n",
       "        };\n",
       "    }\n",
       "\n",
       "    function on_mouseover_closure(tooltip) {\n",
       "        return function (event) {\n",
       "            if (!event.currentTarget.disabled) {\n",
       "                return fig.toolbar_button_onmouseover(tooltip);\n",
       "            }\n",
       "        };\n",
       "    }\n",
       "\n",
       "    fig.buttons = {};\n",
       "    var buttonGroup = document.createElement('div');\n",
       "    buttonGroup.classList = 'mpl-button-group';\n",
       "    for (var toolbar_ind in mpl.toolbar_items) {\n",
       "        var name = mpl.toolbar_items[toolbar_ind][0];\n",
       "        var tooltip = mpl.toolbar_items[toolbar_ind][1];\n",
       "        var image = mpl.toolbar_items[toolbar_ind][2];\n",
       "        var method_name = mpl.toolbar_items[toolbar_ind][3];\n",
       "\n",
       "        if (!name) {\n",
       "            /* Instead of a spacer, we start a new button group. */\n",
       "            if (buttonGroup.hasChildNodes()) {\n",
       "                toolbar.appendChild(buttonGroup);\n",
       "            }\n",
       "            buttonGroup = document.createElement('div');\n",
       "            buttonGroup.classList = 'mpl-button-group';\n",
       "            continue;\n",
       "        }\n",
       "\n",
       "        var button = (fig.buttons[name] = document.createElement('button'));\n",
       "        button.classList = 'mpl-widget';\n",
       "        button.setAttribute('role', 'button');\n",
       "        button.setAttribute('aria-disabled', 'false');\n",
       "        button.addEventListener('click', on_click_closure(method_name));\n",
       "        button.addEventListener('mouseover', on_mouseover_closure(tooltip));\n",
       "\n",
       "        var icon_img = document.createElement('img');\n",
       "        icon_img.src = '_images/' + image + '.png';\n",
       "        icon_img.srcset = '_images/' + image + '_large.png 2x';\n",
